111100013334444
111100023334444
111100033334444
111100043334444
111100053334444
111100063334444
111100073334444
111100083334444
111100093334444
111100103334444
111100113334444
111100123334444
111100133334444
111100143334444
111100153334444
111100163334444
111100173334444
111100183334444
111100193334444
111100203334444
111100213334444
111100223334444
111100233334444
111100243334444
111100253334444
111100263334444
111100273334444
111100283334444
111100293334444
111100303334444
111100313334444
111100323334444
111100333334444
111100343334444
111100353334444
111100363334444
111100373334444
111100383334444
111100393334444
111100403334444
111100413334444
111100423334444
111100433334444
111100443334444
111100453334444
111100463334444
111100473334444
111100483334444
111100493334444
111100503334444
111100513334444
111100523334444
111100533334444
111100543334444
111100553334444
111100563334444
111100573334444
111100583334444
111100593334444
111100603334444
111100613334444
111100623334444
111100633334444
111100643334444
111100653334444
111100663334444
111100673334444
111100683334444
111100693334444
111100703334444
111100713334444
111100723334444
111100733334444
111100743334444
111100753334444
111100763334444
111100773334444
111100783334444
111100793334444
111100803334444
111100813334444
111100823334444
111100833334444
111100843334444
111100853334444
111100863334444
111100873334444
111100883334444
111100893334444
111100903334444
111100913334444
111100923334444
111100933334444
111100943334444
111100953334444
111100963334444
111100973334444
111100983334444
111100993334444
111101003334444
111101013334444
111101023334444
111101033334444
111101043334444
111101053334444
111101063334444
111101073334444
111101083334444
111101093334444
111101103334444
111101113334444
111101123334444
111101133334444
111101143334444
111101153334444
111101163334444
111101173334444
111101183334444
111101193334444
111101203334444
111101213334444
111101223334444
111101233334444
111101243334444
111101253334444
111101263334444
111101273334444
111101283334444
111101293334444
111101303334444
111101313334444
111101323334444
111101333334444
111101343334444
111101353334444
111101363334444
111101373334444
111101383334444
111101393334444
111101403334444
111101413334444
111101423334444
111101433334444
111101443334444
111101453334444
111101463334444
111101473334444
111101483334444
111101493334444
111101503334444
111101513334444
111101523334444
111101533334444
111101543334444
111101553334444
111101563334444
111101573334444
111101583334444
111101593334444
111101603334444
111101613334444
111101623334444
111101633334444
111101643334444
111101653334444
111101663334444
111101673334444
111101683334444
111101693334444
111101703334444
111101713334444
111101723334444
111101733334444
111101743334444
111101753334444
111101763334444
111101773334444
111101783334444
111101793334444
111101803334444
111101813334444
111101823334444
111101833334444
111101843334444
111101853334444
111101863334444
111101873334444
111101883334444
111101893334444
111101903334444
111101913334444
111101923334444
111101933334444
111101943334444
111101953334444
111101963334444
111101973334444
111101983334444
111101993334444
111102003334444
111102013334444
111102023334444
111102033334444
111102043334444
111102053334444
111102063334444
111102073334444
111102083334444
111102093334444
111102103334444
111102113334444
111102123334444
111102133334444
111102143334444
111102153334444
111102163334444
111102173334444
111102183334444
111102193334444
111102203334444
111102213334444
111102223334444
111102233334444
111102243334444
111102253334444
111102263334444
111102273334444
111102283334444
111102293334444
111102303334444
111102313334444
111102323334444
111102333334444
111102343334444
111102353334444
111102363334444
111102373334444
111102383334444
111102393334444
111102403334444
111102413334444
111102423334444
111102433334444
111102443334444
111102453334444
111102463334444
111102473334444
111102483334444
111102493334444
111102503334444
111102513334444
111102523334444
111102533334444
111102543334444
111102553334444
111102563334444
111102573334444
111102583334444
111102593334444
111102603334444
111102613334444
111102623334444
111102633334444
111102643334444
111102653334444
111102663334444
111102673334444
111102683334444
111102693334444
111102703334444
111102713334444
111102723334444
111102733334444
111102743334444
111102753334444
111102763334444
111102773334444
111102783334444
111102793334444
111102803334444
111102813334444
111102823334444
111102833334444
111102843334444
111102853334444
111102863334444
111102873334444
111102883334444
111102893334444
111102903334444
111102913334444
111102923334444
111102933334444
111102943334444
111102953334444
111102963334444
111102973334444
111102983334444
111102993334444
111103003334444
111103013334444
111103023334444
111103033334444
111103043334444
111103053334444
111103063334444
111103073334444
111103083334444
111103093334444
111103103334444
111103113334444
111103123334444
111103133334444
111103143334444
111103153334444
111103163334444
111103173334444
111103183334444
111103193334444
111103203334444
111103213334444
111103223334444
111103233334444
111103243334444
111103253334444
111103263334444
111103273334444
111103283334444
111103293334444
111103303334444
111103313334444
111103323334444
111103333334444
111103343334444
111103353334444
111103363334444
111103373334444
111103383334444
111103393334444
111103403334444
111103413334444
111103423334444
111103433334444
111103443334444
111103453334444
111103463334444
111103473334444
111103483334444
111103493334444
111103503334444
111103513334444
111103523334444
111103533334444
111103543334444
111103553334444
111103563334444
111103573334444
111103583334444
111103593334444
111103603334444
111103613334444
111103623334444
111103633334444
111103643334444
111103653334444
111103663334444
111103673334444
111103683334444
111103693334444
111103703334444
111103713334444
111103723334444
111103733334444
111103743334444
111103753334444
111103763334444
111103773334444
111103783334444
111103793334444
111103803334444
111103813334444
111103823334444
111103833334444
111103843334444
111103853334444
111103863334444
111103873334444
111103883334444
111103893334444
111103903334444
111103913334444
111103923334444
111103933334444
111103943334444
111103953334444
111103963334444
111103973334444
111103983334444
111103993334444
111104003334444
111104013334444
111104023334444
111104033334444
111104043334444
111104053334444
111104063334444
111104073334444
111104083334444
111104093334444
111104103334444
111104113334444
111104123334444
111104133334444
111104143334444
111104153334444
111104163334444
111104173334444
111104183334444
111104193334444
111104203334444
111104213334444
111104223334444
111104233334444
111104243334444
111104253334444
111104263334444
111104273334444
111104283334444
111104293334444
111104303334444
111104313334444
111104323334444
111104333334444
111104343334444
111104353334444
111104363334444
111104373334444
111104383334444
111104393334444
111104403334444
111104413334444
111104423334444
111104433334444
111104443334444
111104453334444
111104463334444
111104473334444
111104483334444
111104493334444
111104503334444
111104513334444
111104523334444
111104533334444
111104543334444
111104553334444
111104563334444
111104573334444
111104583334444
111104593334444
111104603334444
111104613334444
111104623334444
111104633334444
111104643334444
111104653334444
111104663334444
111104673334444
111104683334444
111104693334444
111104703334444
111104713334444
111104723334444
111104733334444
111104743334444
111104753334444
111104763334444
111104773334444
111104783334444
111104793334444
111104803334444
111104813334444
111104823334444
111104833334444
111104843334444
111104853334444
111104863334444
111104873334444
111104883334444
111104893334444
111104903334444
111104913334444
111104923334444
111104933334444
111104943334444
111104953334444
111104963334444
111104973334444
111104983334444
111104993334444
111105003334444
111105013334444
111105023334444
111105033334444
111105043334444
111105053334444
111105063334444
111105073334444
111105083334444
111105093334444
111105103334444
111105113334444
111105123334444
111105133334444
111105143334444
111105153334444
111105163334444
111105173334444
111105183334444
111105193334444
111105203334444
111105213334444
111105223334444
111105233334444
111105243334444
111105253334444
111105263334444
111105273334444
111105283334444
111105293334444
111105303334444
111105313334444
111105323334444
111105333334444
111105343334444
111105353334444
111105363334444
111105373334444
111105383334444
111105393334444
111105403334444
111105413334444
111105423334444
111105433334444
111105443334444
111105453334444
111105463334444
111105473334444
111105483334444
111105493334444
111105503334444
111105513334444
111105523334444
111105533334444
111105543334444
111105553334444
111105563334444
111105573334444
111105583334444
111105593334444
111105603334444
111105613334444
111105623334444
111105633334444
111105643334444
111105653334444
111105663334444
111105673334444
111105683334444
111105693334444
111105703334444
111105713334444
111105723334444
111105733334444
111105743334444
111105753334444
111105763334444
111105773334444
111105783334444
111105793334444
111105803334444
111105813334444
111105823334444
111105833334444
111105843334444
111105853334444
111105863334444
111105873334444
111105883334444
111105893334444
111105903334444
111105913334444
111105923334444
111105933334444
111105943334444
111105953334444
111105963334444
111105973334444
111105983334444
111105993334444
111106003334444
111106013334444
111106023334444
111106033334444
111106043334444
111106053334444
111106063334444
111106073334444
111106083334444
111106093334444
111106103334444
111106113334444
111106123334444
111106133334444
111106143334444
111106153334444
111106163334444
111106173334444
111106183334444
111106193334444
111106203334444
111106213334444
111106223334444
111106233334444
111106243334444
111106253334444
111106263334444
111106273334444
111106283334444
111106293334444
111106303334444
111106313334444
111106323334444
111106333334444
111106343334444
111106353334444
111106363334444
111106373334444
111106383334444
111106393334444
111106403334444
111106413334444
111106423334444
111106433334444
111106443334444
111106453334444
111106463334444
111106473334444
111106483334444
111106493334444
111106503334444
111106513334444
111106523334444
111106533334444
111106543334444
111106553334444
111106563334444
111106573334444
111106583334444
111106593334444
111106603334444
111106613334444
111106623334444
111106633334444
111106643334444
111106653334444
111106663334444
111106673334444
111106683334444
111106693334444
111106703334444
111106713334444
111106723334444
111106733334444
111106743334444
111106753334444
111106763334444
111106773334444
111106783334444
111106793334444
111106803334444
111106813334444
111106823334444
111106833334444
111106843334444
111106853334444
111106863334444
111106873334444
111106883334444
111106893334444
111106903334444
111106913334444
111106923334444
111106933334444
111106943334444
111106953334444
111106963334444
111106973334444
111106983334444
111106993334444
111107003334444
111107013334444
111107023334444
111107033334444
111107043334444
111107053334444
111107063334444
111107073334444
111107083334444
111107093334444
111107103334444
111107113334444
111107123334444
111107133334444
111107143334444
111107153334444
111107163334444
111107173334444
111107183334444
111107193334444
111107203334444
111107213334444
111107223334444
111107233334444
111107243334444
111107253334444
111107263334444
111107273334444
111107283334444
111107293334444
111107303334444
111107313334444
111107323334444
111107333334444
111107343334444
111107353334444
111107363334444
111107373334444
111107383334444
111107393334444
111107403334444
111107413334444
111107423334444
111107433334444
111107443334444
111107453334444
111107463334444
111107473334444
111107483334444
111107493334444
111107503334444
111107513334444
111107523334444
111107533334444
111107543334444
111107553334444
111107563334444
111107573334444
111107583334444
111107593334444
111107603334444
111107613334444
111107623334444
111107633334444
111107643334444
111107653334444
111107663334444
111107673334444
111107683334444
111107693334444
111107703334444
111107713334444
111107723334444
111107733334444
111107743334444
111107753334444
111107763334444
111107773334444
111107783334444
111107793334444
111107803334444
111107813334444
111107823334444
111107833334444
111107843334444
111107853334444
111107863334444
111107873334444
111107883334444
111107893334444
111107903334444
111107913334444
111107923334444
111107933334444
111107943334444
111107953334444
111107963334444
111107973334444
111107983334444
111107993334444
111108003334444
111108013334444
111108023334444
111108033334444
111108043334444
111108053334444
111108063334444
111108073334444
111108083334444
111108093334444
111108103334444
111108113334444
111108123334444
111108133334444
111108143334444
111108153334444
111108163334444
111108173334444
111108183334444
111108193334444
111108203334444
111108213334444
111108223334444
111108233334444
111108243334444
111108253334444
111108263334444
111108273334444
111108283334444
111108293334444
111108303334444
111108313334444
111108323334444
111108333334444
111108343334444
111108353334444
111108363334444
111108373334444
111108383334444
111108393334444
111108403334444
111108413334444
111108423334444
111108433334444
111108443334444
111108453334444
111108463334444
111108473334444
111108483334444
111108493334444
111108503334444
111108513334444
111108523334444
111108533334444
111108543334444
111108553334444
111108563334444
111108573334444
111108583334444
111108593334444
111108603334444
111108613334444
111108623334444
111108633334444
111108643334444
111108653334444
111108663334444
111108673334444
111108683334444
111108693334444
111108703334444
111108713334444
111108723334444
111108733334444
111108743334444
111108753334444
111108763334444
111108773334444
111108783334444
111108793334444
111108803334444
111108813334444
111108823334444
111108833334444
111108843334444
111108853334444
111108863334444
111108873334444
111108883334444
111108893334444
111108903334444
111108913334444
111108923334444
111108933334444
111108943334444
111108953334444
111108963334444
111108973334444
111108983334444
111108993334444
111109003334444
111109013334444
111109023334444
111109033334444
111109043334444
111109053334444
111109063334444
111109073334444
111109083334444
111109093334444
111109103334444
111109113334444
111109123334444
111109133334444
111109143334444
111109153334444
111109163334444
111109173334444
111109183334444
111109193334444
111109203334444
111109213334444
111109223334444
111109233334444
111109243334444
111109253334444
111109263334444
111109273334444
111109283334444
111109293334444
111109303334444
111109313334444
111109323334444
111109333334444
111109343334444
111109353334444
111109363334444
111109373334444
111109383334444
111109393334444
111109403334444
111109413334444
111109423334444
111109433334444
111109443334444
111109453334444
111109463334444
111109473334444
111109483334444
111109493334444
111109503334444
111109513334444
111109523334444
111109533334444
111109543334444
111109553334444
111109563334444
111109573334444
111109583334444
111109593334444
111109603334444
111109613334444
111109623334444
111109633334444
111109643334444
111109653334444
111109663334444
111109673334444
111109683334444
111109693334444
111109703334444
111109713334444
111109723334444
111109733334444
111109743334444
111109753334444
111109763334444
111109773334444
111109783334444
111109793334444
111109803334444
111109813334444
111109823334444
111109833334444
111109843334444
111109853334444
111109863334444
111109873334444
111109883334444
111109893334444
111109903334444
111109913334444
111109923334444
111109933334444
111109943334444
111109953334444
111109963334444
111109973334444
111109983334444
111109993334444
111110003334444
222200013338888
222200023338888
222200033338888
222200043338888
222200053338888
222200063338888
222200073338888
222200083338888
222200093338888
222200103338888
222200113338888
222200123338888
222200133338888
222200143338888
222200153338888
222200163338888
222200173338888
222200183338888
222200193338888
222200203338888
222200213338888
222200223338888
222200233338888
222200243338888
222200253338888
222200263338888
222200273338888
222200283338888
222200293338888
222200303338888
222200313338888
222200323338888
222200333338888
222200343338888
222200353338888
222200363338888
222200373338888
222200383338888
222200393338888
222200403338888
222200413338888
222200423338888
222200433338888
222200443338888
222200453338888
222200463338888
222200473338888
222200483338888
222200493338888
222200503338888
222200513338888
222200523338888
222200533338888
222200543338888
222200553338888
222200563338888
222200573338888
222200583338888
222200593338888
222200603338888
222200613338888
222200623338888
222200633338888
222200643338888
222200653338888
222200663338888
222200673338888
222200683338888
222200693338888
222200703338888
222200713338888
222200723338888
222200733338888
222200743338888
222200753338888
222200763338888
222200773338888
222200783338888
222200793338888
222200803338888
222200813338888
222200823338888
222200833338888
222200843338888
222200853338888
222200863338888
222200873338888
222200883338888
222200893338888
222200903338888
222200913338888
222200923338888
222200933338888
222200943338888
222200953338888
222200963338888
222200973338888
222200983338888
222200993338888
222201003338888
222201013338888
222201023338888
222201033338888
222201043338888
222201053338888
222201063338888
222201073338888
222201083338888
222201093338888
222201103338888
222201113338888
222201123338888
222201133338888
222201143338888
222201153338888
222201163338888
222201173338888
222201183338888
222201193338888
222201203338888
222201213338888
222201223338888
222201233338888
222201243338888
222201253338888
222201263338888
222201273338888
222201283338888
222201293338888
222201303338888
222201313338888
222201323338888
222201333338888
222201343338888
222201353338888
222201363338888
222201373338888
222201383338888
222201393338888
222201403338888
222201413338888
222201423338888
222201433338888
222201443338888
222201453338888
222201463338888
222201473338888
222201483338888
222201493338888
222201503338888
222201513338888
222201523338888
222201533338888
222201543338888
222201553338888
222201563338888
222201573338888
222201583338888
222201593338888
222201603338888
222201613338888
222201623338888
222201633338888
222201643338888
222201653338888
222201663338888
222201673338888
222201683338888
222201693338888
222201703338888
222201713338888
222201723338888
222201733338888
222201743338888
222201753338888
222201763338888
222201773338888
222201783338888
222201793338888
222201803338888
222201813338888
222201823338888
222201833338888
222201843338888
222201853338888
222201863338888
222201873338888
222201883338888
222201893338888
222201903338888
222201913338888
222201923338888
222201933338888
222201943338888
222201953338888
222201963338888
222201973338888
222201983338888
222201993338888
222202003338888
222202013338888
222202023338888
222202033338888
222202043338888
222202053338888
222202063338888
222202073338888
222202083338888
222202093338888
222202103338888
222202113338888
222202123338888
222202133338888
222202143338888
222202153338888
222202163338888
222202173338888
222202183338888
222202193338888
222202203338888
222202213338888
222202223338888
222202233338888
222202243338888
222202253338888
222202263338888
222202273338888
222202283338888
222202293338888
222202303338888
222202313338888
222202323338888
222202333338888
222202343338888
222202353338888
222202363338888
222202373338888
222202383338888
222202393338888
222202403338888
222202413338888
222202423338888
222202433338888
222202443338888
222202453338888
222202463338888
222202473338888
222202483338888
222202493338888
222202503338888
222202513338888
222202523338888
222202533338888
222202543338888
222202553338888
222202563338888
222202573338888
222202583338888
222202593338888
222202603338888
222202613338888
222202623338888
222202633338888
222202643338888
222202653338888
222202663338888
222202673338888
222202683338888
222202693338888
222202703338888
222202713338888
222202723338888
222202733338888
222202743338888
222202753338888
222202763338888
222202773338888
222202783338888
222202793338888
222202803338888
222202813338888
222202823338888
222202833338888
222202843338888
222202853338888
222202863338888
222202873338888
222202883338888
222202893338888
222202903338888
222202913338888
222202923338888
222202933338888
222202943338888
222202953338888
222202963338888
222202973338888
222202983338888
222202993338888
222203003338888
222203013338888
222203023338888
222203033338888
222203043338888
222203053338888
222203063338888
222203073338888
222203083338888
222203093338888
222203103338888
222203113338888
222203123338888
222203133338888
222203143338888
222203153338888
222203163338888
222203173338888
222203183338888
222203193338888
222203203338888
222203213338888
222203223338888
222203233338888
222203243338888
222203253338888
222203263338888
222203273338888
222203283338888
222203293338888
222203303338888
222203313338888
222203323338888
222203333338888
222203343338888
222203353338888
222203363338888
222203373338888
222203383338888
222203393338888
222203403338888
222203413338888
222203423338888
222203433338888
222203443338888
222203453338888
222203463338888
222203473338888
222203483338888
222203493338888
222203503338888
222203513338888
222203523338888
222203533338888
222203543338888
222203553338888
222203563338888
222203573338888
222203583338888
222203593338888
222203603338888
222203613338888
222203623338888
222203633338888
222203643338888
222203653338888
222203663338888
222203673338888
222203683338888
222203693338888
222203703338888
222203713338888
222203723338888
222203733338888
222203743338888
222203753338888
222203763338888
222203773338888
222203783338888
222203793338888
222203803338888
222203813338888
222203823338888
222203833338888
222203843338888
222203853338888
222203863338888
222203873338888
222203883338888
222203893338888
222203903338888
222203913338888
222203923338888
222203933338888
222203943338888
222203953338888
222203963338888
222203973338888
222203983338888
222203993338888
222204003338888
222204013338888
222204023338888
222204033338888
222204043338888
222204053338888
222204063338888
222204073338888
222204083338888
222204093338888
222204103338888
222204113338888
222204123338888
222204133338888
222204143338888
222204153338888
222204163338888
222204173338888
222204183338888
222204193338888
222204203338888
222204213338888
222204223338888
222204233338888
222204243338888
222204253338888
222204263338888
222204273338888
222204283338888
222204293338888
222204303338888
222204313338888
222204323338888
222204333338888
222204343338888
222204353338888
222204363338888
222204373338888
222204383338888
222204393338888
222204403338888
222204413338888
222204423338888
222204433338888
222204443338888
222204453338888
222204463338888
222204473338888
222204483338888
222204493338888
222204503338888
222204513338888
222204523338888
222204533338888
222204543338888
222204553338888
222204563338888
222204573338888
222204583338888
222204593338888
222204603338888
222204613338888
222204623338888
222204633338888
222204643338888
222204653338888
222204663338888
222204673338888
222204683338888
222204693338888
222204703338888
222204713338888
222204723338888
222204733338888
222204743338888
222204753338888
222204763338888
222204773338888
222204783338888
222204793338888
222204803338888
222204813338888
222204823338888
222204833338888
222204843338888
222204853338888
222204863338888
222204873338888
222204883338888
222204893338888
222204903338888
222204913338888
222204923338888
222204933338888
222204943338888
222204953338888
222204963338888
222204973338888
222204983338888
222204993338888
222205003338888
222205013338888
222205023338888
222205033338888
222205043338888
222205053338888
222205063338888
222205073338888
222205083338888
222205093338888
222205103338888
222205113338888
222205123338888
222205133338888
222205143338888
222205153338888
222205163338888
222205173338888
222205183338888
222205193338888
222205203338888
222205213338888
222205223338888
222205233338888
222205243338888
222205253338888
222205263338888
222205273338888
222205283338888
222205293338888
222205303338888
222205313338888
222205323338888
222205333338888
222205343338888
222205353338888
222205363338888
222205373338888
222205383338888
222205393338888
222205403338888
222205413338888
222205423338888
222205433338888
222205443338888
222205453338888
222205463338888
222205473338888
222205483338888
222205493338888
222205503338888
222205513338888
222205523338888
222205533338888
222205543338888
222205553338888
222205563338888
222205573338888
222205583338888
222205593338888
222205603338888
222205613338888
222205623338888
222205633338888
222205643338888
222205653338888
222205663338888
222205673338888
222205683338888
222205693338888
222205703338888
222205713338888
222205723338888
222205733338888
222205743338888
222205753338888
222205763338888
222205773338888
222205783338888
222205793338888
222205803338888
222205813338888
222205823338888
222205833338888
222205843338888
222205853338888
222205863338888
222205873338888
222205883338888
222205893338888
222205903338888
222205913338888
222205923338888
222205933338888
222205943338888
222205953338888
222205963338888
222205973338888
222205983338888
222205993338888
222206003338888
222206013338888
222206023338888
222206033338888
222206043338888
222206053338888
222206063338888
222206073338888
222206083338888
222206093338888
222206103338888
222206113338888
222206123338888
222206133338888
222206143338888
222206153338888
222206163338888
222206173338888
222206183338888
222206193338888
222206203338888
222206213338888
222206223338888
222206233338888
222206243338888
222206253338888
222206263338888
222206273338888
222206283338888
222206293338888
222206303338888
222206313338888
222206323338888
222206333338888
222206343338888
222206353338888
222206363338888
222206373338888
222206383338888
222206393338888
222206403338888
222206413338888
222206423338888
222206433338888
222206443338888
222206453338888
222206463338888
222206473338888
222206483338888
222206493338888
222206503338888
222206513338888
222206523338888
222206533338888
222206543338888
222206553338888
222206563338888
222206573338888
222206583338888
222206593338888
222206603338888
222206613338888
222206623338888
222206633338888
222206643338888
222206653338888
222206663338888
222206673338888
222206683338888
222206693338888
222206703338888
222206713338888
222206723338888
222206733338888
222206743338888
222206753338888
222206763338888
222206773338888
222206783338888
222206793338888
222206803338888
222206813338888
222206823338888
222206833338888
222206843338888
222206853338888
222206863338888
222206873338888
222206883338888
222206893338888
222206903338888
222206913338888
222206923338888
222206933338888
222206943338888
222206953338888
222206963338888
222206973338888
222206983338888
222206993338888
222207003338888
222207013338888
222207023338888
222207033338888
222207043338888
222207053338888
222207063338888
222207073338888
222207083338888
222207093338888
222207103338888
222207113338888
222207123338888
222207133338888
222207143338888
222207153338888
222207163338888
222207173338888
222207183338888
222207193338888
222207203338888
222207213338888
222207223338888
222207233338888
222207243338888
222207253338888
222207263338888
222207273338888
222207283338888
222207293338888
222207303338888
222207313338888
222207323338888
222207333338888
222207343338888
222207353338888
222207363338888
222207373338888
222207383338888
222207393338888
222207403338888
222207413338888
222207423338888
222207433338888
222207443338888
222207453338888
222207463338888
222207473338888
222207483338888
222207493338888
222207503338888
222207513338888
222207523338888
222207533338888
222207543338888
222207553338888
222207563338888
222207573338888
222207583338888
222207593338888
222207603338888
222207613338888
222207623338888
222207633338888
222207643338888
222207653338888
222207663338888
222207673338888
222207683338888
222207693338888
222207703338888
222207713338888
222207723338888
222207733338888
222207743338888
222207753338888
222207763338888
222207773338888
222207783338888
222207793338888
222207803338888
222207813338888
222207823338888
222207833338888
222207843338888
222207853338888
222207863338888
222207873338888
222207883338888
222207893338888
222207903338888
222207913338888
222207923338888
222207933338888
222207943338888
222207953338888
222207963338888
222207973338888
222207983338888
222207993338888
222208003338888
222208013338888
222208023338888
222208033338888
222208043338888
222208053338888
222208063338888
222208073338888
222208083338888
222208093338888
222208103338888
222208113338888
222208123338888
222208133338888
222208143338888
222208153338888
222208163338888
222208173338888
222208183338888
222208193338888
222208203338888
222208213338888
222208223338888
222208233338888
222208243338888
222208253338888
222208263338888
222208273338888
222208283338888
222208293338888
222208303338888
222208313338888
222208323338888
222208333338888
222208343338888
222208353338888
222208363338888
222208373338888
222208383338888
222208393338888
222208403338888
222208413338888
222208423338888
222208433338888
222208443338888
222208453338888
222208463338888
222208473338888
222208483338888
222208493338888
222208503338888
222208513338888
222208523338888
222208533338888
222208543338888
222208553338888
222208563338888
222208573338888
222208583338888
222208593338888
222208603338888
222208613338888
222208623338888
222208633338888
222208643338888
222208653338888
222208663338888
222208673338888
222208683338888
222208693338888
222208703338888
222208713338888
222208723338888
222208733338888
222208743338888
222208753338888
222208763338888
222208773338888
222208783338888
222208793338888
222208803338888
222208813338888
222208823338888
222208833338888
222208843338888
222208853338888
222208863338888
222208873338888
222208883338888
222208893338888
222208903338888
222208913338888
222208923338888
222208933338888
222208943338888
222208953338888
222208963338888
222208973338888
222208983338888
222208993338888
222209003338888
222209013338888
222209023338888
222209033338888
222209043338888
222209053338888
222209063338888
222209073338888
222209083338888
222209093338888
222209103338888
222209113338888
222209123338888
222209133338888
222209143338888
222209153338888
222209163338888
222209173338888
222209183338888
222209193338888
222209203338888
222209213338888
222209223338888
222209233338888
222209243338888
222209253338888
222209263338888
222209273338888
222209283338888
222209293338888
222209303338888
222209313338888
222209323338888
222209333338888
222209343338888
222209353338888
222209363338888
222209373338888
222209383338888
222209393338888
222209403338888
222209413338888
222209423338888
222209433338888
222209443338888
222209453338888
222209463338888
222209473338888
222209483338888
222209493338888
222209503338888
222209513338888
222209523338888
222209533338888
222209543338888
222209553338888
222209563338888
222209573338888
222209583338888
222209593338888
222209603338888
222209613338888
222209623338888
222209633338888
222209643338888
222209653338888
222209663338888
222209673338888
222209683338888
222209693338888
222209703338888
222209713338888
222209723338888
222209733338888
222209743338888
222209753338888
222209763338888
222209773338888
222209783338888
222209793338888
222209803338888
222209813338888
222209823338888
222209833338888
222209843338888
222209853338888
222209863338888
222209873338888
222209883338888
222209893338888
222209903338888
222209913338888
222209923338888
222209933338888
222209943338888
222209953338888
222209963338888
222209973338888
222209983338888
222209993338888
222210003338888
333300013335555
333300023335555
333300033335555
333300043335555
333300053335555
333300063335555
333300073335555
333300083335555
333300093335555
333300103335555
333300113335555
333300123335555
333300133335555
333300143335555
333300153335555
333300163335555
333300173335555
333300183335555
333300193335555
333300203335555
333300213335555
333300223335555
333300233335555
333300243335555
333300253335555
333300263335555
333300273335555
333300283335555
333300293335555
333300303335555
333300313335555
333300323335555
333300333335555
333300343335555
333300353335555
333300363335555
333300373335555
333300383335555
333300393335555
333300403335555
333300413335555
333300423335555
333300433335555
333300443335555
333300453335555
333300463335555
333300473335555
333300483335555
333300493335555
333300503335555
333300513335555
333300523335555
333300533335555
333300543335555
333300553335555
333300563335555
333300573335555
333300583335555
333300593335555
333300603335555
333300613335555
333300623335555
333300633335555
333300643335555
333300653335555
333300663335555
333300673335555
333300683335555
333300693335555
333300703335555
333300713335555
333300723335555
333300733335555
333300743335555
333300753335555
333300763335555
333300773335555
333300783335555
333300793335555
333300803335555
333300813335555
333300823335555
333300833335555
333300843335555
333300853335555
333300863335555
333300873335555
333300883335555
333300893335555
333300903335555
333300913335555
333300923335555
333300933335555
333300943335555
333300953335555
333300963335555
333300973335555
333300983335555
333300993335555
333301003335555
333301013335555
333301023335555
333301033335555
333301043335555
333301053335555
333301063335555
333301073335555
333301083335555
333301093335555
333301103335555
333301113335555
333301123335555
333301133335555
333301143335555
333301153335555
333301163335555
333301173335555
333301183335555
333301193335555
333301203335555
333301213335555
333301223335555
333301233335555
333301243335555
333301253335555
333301263335555
333301273335555
333301283335555
333301293335555
333301303335555
333301313335555
333301323335555
333301333335555
333301343335555
333301353335555
333301363335555
333301373335555
333301383335555
333301393335555
333301403335555
333301413335555
333301423335555
333301433335555
333301443335555
333301453335555
333301463335555
333301473335555
333301483335555
333301493335555
333301503335555
333301513335555
333301523335555
333301533335555
333301543335555
333301553335555
333301563335555
333301573335555
333301583335555
333301593335555
333301603335555
333301613335555
333301623335555
333301633335555
333301643335555
333301653335555
333301663335555
333301673335555
333301683335555
333301693335555
333301703335555
333301713335555
333301723335555
333301733335555
333301743335555
333301753335555
333301763335555
333301773335555
333301783335555
333301793335555
333301803335555
333301813335555
333301823335555
333301833335555
333301843335555
333301853335555
333301863335555
333301873335555
333301883335555
333301893335555
333301903335555
333301913335555
333301923335555
333301933335555
333301943335555
333301953335555
333301963335555
333301973335555
333301983335555
333301993335555
333302003335555
333302013335555
333302023335555
333302033335555
333302043335555
333302053335555
333302063335555
333302073335555
333302083335555
333302093335555
333302103335555
333302113335555
333302123335555
333302133335555
333302143335555
333302153335555
333302163335555
333302173335555
333302183335555
333302193335555
333302203335555
333302213335555
333302223335555
333302233335555
333302243335555
333302253335555
333302263335555
333302273335555
333302283335555
333302293335555
333302303335555
333302313335555
333302323335555
333302333335555
333302343335555
333302353335555
333302363335555
333302373335555
333302383335555
333302393335555
333302403335555
333302413335555
333302423335555
333302433335555
333302443335555
333302453335555
333302463335555
333302473335555
333302483335555
333302493335555
333302503335555
333302513335555
333302523335555
333302533335555
333302543335555
333302553335555
333302563335555
333302573335555
333302583335555
333302593335555
333302603335555
333302613335555
333302623335555
333302633335555
333302643335555
333302653335555
333302663335555
333302673335555
333302683335555
333302693335555
333302703335555
333302713335555
333302723335555
333302733335555
333302743335555
333302753335555
333302763335555
333302773335555
333302783335555
333302793335555
333302803335555
333302813335555
333302823335555
333302833335555
333302843335555
333302853335555
333302863335555
333302873335555
333302883335555
333302893335555
333302903335555
333302913335555
333302923335555
333302933335555
333302943335555
333302953335555
333302963335555
333302973335555
333302983335555
333302993335555
333303003335555
333303013335555
333303023335555
333303033335555
333303043335555
333303053335555
333303063335555
333303073335555
333303083335555
333303093335555
333303103335555
333303113335555
333303123335555
333303133335555
333303143335555
333303153335555
333303163335555
333303173335555
333303183335555
333303193335555
333303203335555
333303213335555
333303223335555
333303233335555
333303243335555
333303253335555
333303263335555
333303273335555
333303283335555
333303293335555
333303303335555
333303313335555
333303323335555
333303333335555
333303343335555
333303353335555
333303363335555
333303373335555
333303383335555
333303393335555
333303403335555
333303413335555
333303423335555
333303433335555
333303443335555
333303453335555
333303463335555
333303473335555
333303483335555
333303493335555
333303503335555
333303513335555
333303523335555
333303533335555
333303543335555
333303553335555
333303563335555
333303573335555
333303583335555
333303593335555
333303603335555
333303613335555
333303623335555
333303633335555
333303643335555
333303653335555
333303663335555
333303673335555
333303683335555
333303693335555
333303703335555
333303713335555
333303723335555
333303733335555
333303743335555
333303753335555
333303763335555
333303773335555
333303783335555
333303793335555
333303803335555
333303813335555
333303823335555
333303833335555
333303843335555
333303853335555
333303863335555
333303873335555
333303883335555
333303893335555
333303903335555
333303913335555
333303923335555
333303933335555
333303943335555
333303953335555
333303963335555
333303973335555
333303983335555
333303993335555
333304003335555
333304013335555
333304023335555
333304033335555
333304043335555
333304053335555
333304063335555
333304073335555
333304083335555
333304093335555
333304103335555
333304113335555
333304123335555
333304133335555
333304143335555
333304153335555
333304163335555
333304173335555
333304183335555
333304193335555
333304203335555
333304213335555
333304223335555
333304233335555
333304243335555
333304253335555
333304263335555
333304273335555
333304283335555
333304293335555
333304303335555
333304313335555
333304323335555
333304333335555
333304343335555
333304353335555
333304363335555
333304373335555
333304383335555
333304393335555
333304403335555
333304413335555
333304423335555
333304433335555
333304443335555
333304453335555
333304463335555
333304473335555
333304483335555
333304493335555
333304503335555
333304513335555
333304523335555
333304533335555
333304543335555
333304553335555
333304563335555
333304573335555
333304583335555
333304593335555
333304603335555
333304613335555
333304623335555
333304633335555
333304643335555
333304653335555
333304663335555
333304673335555
333304683335555
333304693335555
333304703335555
333304713335555
333304723335555
333304733335555
333304743335555
333304753335555
333304763335555
333304773335555
333304783335555
333304793335555
333304803335555
333304813335555
333304823335555
333304833335555
333304843335555
333304853335555
333304863335555
333304873335555
333304883335555
333304893335555
333304903335555
333304913335555
333304923335555
333304933335555
333304943335555
333304953335555
333304963335555
333304973335555
333304983335555
333304993335555
333305003335555
333305013335555
333305023335555
333305033335555
333305043335555
333305053335555
333305063335555
333305073335555
333305083335555
333305093335555
333305103335555
333305113335555
333305123335555
333305133335555
333305143335555
333305153335555
333305163335555
333305173335555
333305183335555
333305193335555
333305203335555
333305213335555
333305223335555
333305233335555
333305243335555
333305253335555
333305263335555
333305273335555
333305283335555
333305293335555
333305303335555
333305313335555
333305323335555
333305333335555
333305343335555
333305353335555
333305363335555
333305373335555
333305383335555
333305393335555
333305403335555
333305413335555
333305423335555
333305433335555
333305443335555
333305453335555
333305463335555
333305473335555
333305483335555
333305493335555
333305503335555
333305513335555
333305523335555
333305533335555
333305543335555
333305553335555
333305563335555
333305573335555
333305583335555
333305593335555
333305603335555
333305613335555
333305623335555
333305633335555
333305643335555
333305653335555
333305663335555
333305673335555
333305683335555
333305693335555
333305703335555
333305713335555
333305723335555
333305733335555
333305743335555
333305753335555
333305763335555
333305773335555
333305783335555
333305793335555
333305803335555
333305813335555
333305823335555
333305833335555
333305843335555
333305853335555
333305863335555
333305873335555
333305883335555
333305893335555
333305903335555
333305913335555
333305923335555
333305933335555
333305943335555
333305953335555
333305963335555
333305973335555
333305983335555
333305993335555
333306003335555
333306013335555
333306023335555
333306033335555
333306043335555
333306053335555
333306063335555
333306073335555
333306083335555
333306093335555
333306103335555
333306113335555
333306123335555
333306133335555
333306143335555
333306153335555
333306163335555
333306173335555
333306183335555
333306193335555
333306203335555
333306213335555
333306223335555
333306233335555
333306243335555
333306253335555
333306263335555
333306273335555
333306283335555
333306293335555
333306303335555
333306313335555
333306323335555
333306333335555
333306343335555
333306353335555
333306363335555
333306373335555
333306383335555
333306393335555
333306403335555
333306413335555
333306423335555
333306433335555
333306443335555
333306453335555
333306463335555
333306473335555
333306483335555
333306493335555
333306503335555
333306513335555
333306523335555
333306533335555
333306543335555
333306553335555
333306563335555
333306573335555
333306583335555
333306593335555
333306603335555
333306613335555
333306623335555
333306633335555
333306643335555
333306653335555
333306663335555
333306673335555
333306683335555
333306693335555
333306703335555
333306713335555
333306723335555
333306733335555
333306743335555
333306753335555
333306763335555
333306773335555
333306783335555
333306793335555
333306803335555
333306813335555
333306823335555
333306833335555
333306843335555
333306853335555
333306863335555
333306873335555
333306883335555
333306893335555
333306903335555
333306913335555
333306923335555
333306933335555
333306943335555
333306953335555
333306963335555
333306973335555
333306983335555
333306993335555
333307003335555
333307013335555
333307023335555
333307033335555
333307043335555
333307053335555
333307063335555
333307073335555
333307083335555
333307093335555
333307103335555
333307113335555
333307123335555
333307133335555
333307143335555
333307153335555
333307163335555
333307173335555
333307183335555
333307193335555
333307203335555
333307213335555
333307223335555
333307233335555
333307243335555
333307253335555
333307263335555
333307273335555
333307283335555
333307293335555
333307303335555
333307313335555
333307323335555
333307333335555
333307343335555
333307353335555
333307363335555
333307373335555
333307383335555
333307393335555
333307403335555
333307413335555
333307423335555
333307433335555
333307443335555
333307453335555
333307463335555
333307473335555
333307483335555
333307493335555
333307503335555
333307513335555
333307523335555
333307533335555
333307543335555
333307553335555
333307563335555
333307573335555
333307583335555
333307593335555
333307603335555
333307613335555
333307623335555
333307633335555
333307643335555
333307653335555
333307663335555
333307673335555
333307683335555
333307693335555
333307703335555
333307713335555
333307723335555
333307733335555
333307743335555
333307753335555
333307763335555
333307773335555
333307783335555
333307793335555
333307803335555
333307813335555
333307823335555
333307833335555
333307843335555
333307853335555
333307863335555
333307873335555
333307883335555
333307893335555
333307903335555
333307913335555
333307923335555
333307933335555
333307943335555
333307953335555
333307963335555
333307973335555
333307983335555
333307993335555
333308003335555
333308013335555
333308023335555
333308033335555
333308043335555
333308053335555
333308063335555
333308073335555
333308083335555
333308093335555
333308103335555
333308113335555
333308123335555
333308133335555
333308143335555
333308153335555
333308163335555
333308173335555
333308183335555
333308193335555
333308203335555
333308213335555
333308223335555
333308233335555
333308243335555
333308253335555
333308263335555
333308273335555
333308283335555
333308293335555
333308303335555
333308313335555
333308323335555
333308333335555
333308343335555
333308353335555
333308363335555
333308373335555
333308383335555
333308393335555
333308403335555
333308413335555
333308423335555
333308433335555
333308443335555
333308453335555
333308463335555
333308473335555
333308483335555
333308493335555
333308503335555
333308513335555
333308523335555
333308533335555
333308543335555
333308553335555
333308563335555
333308573335555
333308583335555
333308593335555
333308603335555
333308613335555
333308623335555
333308633335555
333308643335555
333308653335555
333308663335555
333308673335555
333308683335555
333308693335555
333308703335555
333308713335555
333308723335555
333308733335555
333308743335555
333308753335555
333308763335555
333308773335555
333308783335555
333308793335555
333308803335555
333308813335555
333308823335555
333308833335555
333308843335555
333308853335555
333308863335555
333308873335555
333308883335555
333308893335555
333308903335555
333308913335555
333308923335555
333308933335555
333308943335555
333308953335555
333308963335555
333308973335555
333308983335555
333308993335555
333309003335555
333309013335555
333309023335555
333309033335555
333309043335555
333309053335555
333309063335555
333309073335555
333309083335555
333309093335555
333309103335555
333309113335555
333309123335555
333309133335555
333309143335555
333309153335555
333309163335555
333309173335555
333309183335555
333309193335555
333309203335555
333309213335555
333309223335555
333309233335555
333309243335555
333309253335555
333309263335555
333309273335555
333309283335555
333309293335555
333309303335555
333309313335555
333309323335555
333309333335555
333309343335555
333309353335555
333309363335555
333309373335555
333309383335555
333309393335555
333309403335555
333309413335555
333309423335555
333309433335555
333309443335555
333309453335555
333309463335555
333309473335555
333309483335555
333309493335555
333309503335555
333309513335555
333309523335555
333309533335555
333309543335555
333309553335555
333309563335555
333309573335555
333309583335555
333309593335555
333309603335555
333309613335555
333309623335555
333309633335555
333309643335555
333309653335555
333309663335555
333309673335555
333309683335555
333309693335555
333309703335555
333309713335555
333309723335555
333309733335555
333309743335555
333309753335555
333309763335555
333309773335555
333309783335555
333309793335555
333309803335555
333309813335555
333309823335555
333309833335555
333309843335555
333309853335555
333309863335555
333309873335555
333309883335555
333309893335555
333309903335555
333309913335555
333309923335555
333309933335555
333309943335555
333309953335555
333309963335555
333309973335555
333309983335555
333309993335555
333310003335555
444400013337777
444400023337777
444400033337777
444400043337777
444400053337777
444400063337777
444400073337777
444400083337777
444400093337777
444400103337777
444400113337777
444400123337777
444400133337777
444400143337777
444400153337777
444400163337777
444400173337777
444400183337777
444400193337777
444400203337777
444400213337777
444400223337777
444400233337777
444400243337777
444400253337777
444400263337777
444400273337777
444400283337777
444400293337777
444400303337777
444400313337777
444400323337777
444400333337777
444400343337777
444400353337777
444400363337777
444400373337777
444400383337777
444400393337777
444400403337777
444400413337777
444400423337777
444400433337777
444400443337777
444400453337777
444400463337777
444400473337777
444400483337777
444400493337777
444400503337777
444400513337777
444400523337777
444400533337777
444400543337777
444400553337777
444400563337777
444400573337777
444400583337777
444400593337777
444400603337777
444400613337777
444400623337777
444400633337777
444400643337777
444400653337777
444400663337777
444400673337777
444400683337777
444400693337777
444400703337777
444400713337777
444400723337777
444400733337777
444400743337777
444400753337777
444400763337777
444400773337777
444400783337777
444400793337777
444400803337777
444400813337777
444400823337777
444400833337777
444400843337777
444400853337777
444400863337777
444400873337777
444400883337777
444400893337777
444400903337777
444400913337777
444400923337777
444400933337777
444400943337777
444400953337777
444400963337777
444400973337777
444400983337777
444400993337777
444401003337777
444401013337777
444401023337777
444401033337777
444401043337777
444401053337777
444401063337777
444401073337777
444401083337777
444401093337777
444401103337777
444401113337777
444401123337777
444401133337777
444401143337777
444401153337777
444401163337777
444401173337777
444401183337777
444401193337777
444401203337777
444401213337777
444401223337777
444401233337777
444401243337777
444401253337777
444401263337777
444401273337777
444401283337777
444401293337777
444401303337777
444401313337777
444401323337777
444401333337777
444401343337777
444401353337777
444401363337777
444401373337777
444401383337777
444401393337777
444401403337777
444401413337777
444401423337777
444401433337777
444401443337777
444401453337777
444401463337777
444401473337777
444401483337777
444401493337777
444401503337777
444401513337777
444401523337777
444401533337777
444401543337777
444401553337777
444401563337777
444401573337777
444401583337777
444401593337777
444401603337777
444401613337777
444401623337777
444401633337777
444401643337777
444401653337777
444401663337777
444401673337777
444401683337777
444401693337777
444401703337777
444401713337777
444401723337777
444401733337777
444401743337777
444401753337777
444401763337777
444401773337777
444401783337777
444401793337777
444401803337777
444401813337777
444401823337777
444401833337777
444401843337777
444401853337777
444401863337777
444401873337777
444401883337777
444401893337777
444401903337777
444401913337777
444401923337777
444401933337777
444401943337777
444401953337777
444401963337777
444401973337777
444401983337777
444401993337777
444402003337777
444402013337777
444402023337777
444402033337777
444402043337777
444402053337777
444402063337777
444402073337777
444402083337777
444402093337777
444402103337777
444402113337777
444402123337777
444402133337777
444402143337777
444402153337777
444402163337777
444402173337777
444402183337777
444402193337777
444402203337777
444402213337777
444402223337777
444402233337777
444402243337777
444402253337777
444402263337777
444402273337777
444402283337777
444402293337777
444402303337777
444402313337777
444402323337777
444402333337777
444402343337777
444402353337777
444402363337777
444402373337777
444402383337777
444402393337777
444402403337777
444402413337777
444402423337777
444402433337777
444402443337777
444402453337777
444402463337777
444402473337777
444402483337777
444402493337777
444402503337777
444402513337777
444402523337777
444402533337777
444402543337777
444402553337777
444402563337777
444402573337777
444402583337777
444402593337777
444402603337777
444402613337777
444402623337777
444402633337777
444402643337777
444402653337777
444402663337777
444402673337777
444402683337777
444402693337777
444402703337777
444402713337777
444402723337777
444402733337777
444402743337777
444402753337777
444402763337777
444402773337777
444402783337777
444402793337777
444402803337777
444402813337777
444402823337777
444402833337777
444402843337777
444402853337777
444402863337777
444402873337777
444402883337777
444402893337777
444402903337777
444402913337777
444402923337777
444402933337777
444402943337777
444402953337777
444402963337777
444402973337777
444402983337777
444402993337777
444403003337777
444403013337777
444403023337777
444403033337777
444403043337777
444403053337777
444403063337777
444403073337777
444403083337777
444403093337777
444403103337777
444403113337777
444403123337777
444403133337777
444403143337777
444403153337777
444403163337777
444403173337777
444403183337777
444403193337777
444403203337777
444403213337777
444403223337777
444403233337777
444403243337777
444403253337777
444403263337777
444403273337777
444403283337777
444403293337777
444403303337777
444403313337777
444403323337777
444403333337777
444403343337777
444403353337777
444403363337777
444403373337777
444403383337777
444403393337777
444403403337777
444403413337777
444403423337777
444403433337777
444403443337777
444403453337777
444403463337777
444403473337777
444403483337777
444403493337777
444403503337777
444403513337777
444403523337777
444403533337777
444403543337777
444403553337777
444403563337777
444403573337777
444403583337777
444403593337777
444403603337777
444403613337777
444403623337777
444403633337777
444403643337777
444403653337777
444403663337777
444403673337777
444403683337777
444403693337777
444403703337777
444403713337777
444403723337777
444403733337777
444403743337777
444403753337777
444403763337777
444403773337777
444403783337777
444403793337777
444403803337777
444403813337777
444403823337777
444403833337777
444403843337777
444403853337777
444403863337777
444403873337777
444403883337777
444403893337777
444403903337777
444403913337777
444403923337777
444403933337777
444403943337777
444403953337777
444403963337777
444403973337777
444403983337777
444403993337777
444404003337777
444404013337777
444404023337777
444404033337777
444404043337777
444404053337777
444404063337777
444404073337777
444404083337777
444404093337777
444404103337777
444404113337777
444404123337777
444404133337777
444404143337777
444404153337777
444404163337777
444404173337777
444404183337777
444404193337777
444404203337777
444404213337777
444404223337777
444404233337777
444404243337777
444404253337777
444404263337777
444404273337777
444404283337777
444404293337777
444404303337777
444404313337777
444404323337777
444404333337777
444404343337777
444404353337777
444404363337777
444404373337777
444404383337777
444404393337777
444404403337777
444404413337777
444404423337777
444404433337777
444404443337777
444404453337777
444404463337777
444404473337777
444404483337777
444404493337777
444404503337777
444404513337777
444404523337777
444404533337777
444404543337777
444404553337777
444404563337777
444404573337777
444404583337777
444404593337777
444404603337777
444404613337777
444404623337777
444404633337777
444404643337777
444404653337777
444404663337777
444404673337777
444404683337777
444404693337777
444404703337777
444404713337777
444404723337777
444404733337777
444404743337777
444404753337777
444404763337777
444404773337777
444404783337777
444404793337777
444404803337777
444404813337777
444404823337777
444404833337777
444404843337777
444404853337777
444404863337777
444404873337777
444404883337777
444404893337777
444404903337777
444404913337777
444404923337777
444404933337777
444404943337777
444404953337777
444404963337777
444404973337777
444404983337777
444404993337777
444405003337777
444405013337777
444405023337777
444405033337777
444405043337777
444405053337777
444405063337777
444405073337777
444405083337777
444405093337777
444405103337777
444405113337777
444405123337777
444405133337777
444405143337777
444405153337777
444405163337777
444405173337777
444405183337777
444405193337777
444405203337777
444405213337777
444405223337777
444405233337777
444405243337777
444405253337777
444405263337777
444405273337777
444405283337777
444405293337777
444405303337777
444405313337777
444405323337777
444405333337777
444405343337777
444405353337777
444405363337777
444405373337777
444405383337777
444405393337777
444405403337777
444405413337777
444405423337777
444405433337777
444405443337777
444405453337777
444405463337777
444405473337777
444405483337777
444405493337777
444405503337777
444405513337777
444405523337777
444405533337777
444405543337777
444405553337777
444405563337777
444405573337777
444405583337777
444405593337777
444405603337777
444405613337777
444405623337777
444405633337777
444405643337777
444405653337777
444405663337777
444405673337777
444405683337777
444405693337777
444405703337777
444405713337777
444405723337777
444405733337777
444405743337777
444405753337777
444405763337777
444405773337777
444405783337777
444405793337777
444405803337777
444405813337777
444405823337777
444405833337777
444405843337777
444405853337777
444405863337777
444405873337777
444405883337777
444405893337777
444405903337777
444405913337777
444405923337777
444405933337777
444405943337777
444405953337777
444405963337777
444405973337777
444405983337777
444405993337777
444406003337777
444406013337777
444406023337777
444406033337777
444406043337777
444406053337777
444406063337777
444406073337777
444406083337777
444406093337777
444406103337777
444406113337777
444406123337777
444406133337777
444406143337777
444406153337777
444406163337777
444406173337777
444406183337777
444406193337777
444406203337777
444406213337777
444406223337777
444406233337777
444406243337777
444406253337777
444406263337777
444406273337777
444406283337777
444406293337777
444406303337777
444406313337777
444406323337777
444406333337777
444406343337777
444406353337777
444406363337777
444406373337777
444406383337777
444406393337777
444406403337777
444406413337777
444406423337777
444406433337777
444406443337777
444406453337777
444406463337777
444406473337777
444406483337777
444406493337777
444406503337777
444406513337777
444406523337777
444406533337777
444406543337777
444406553337777
444406563337777
444406573337777
444406583337777
444406593337777
444406603337777
444406613337777
444406623337777
444406633337777
444406643337777
444406653337777
444406663337777
444406673337777
444406683337777
444406693337777
444406703337777
444406713337777
444406723337777
444406733337777
444406743337777
444406753337777
444406763337777
444406773337777
444406783337777
444406793337777
444406803337777
444406813337777
444406823337777
444406833337777
444406843337777
444406853337777
444406863337777
444406873337777
444406883337777
444406893337777
444406903337777
444406913337777
444406923337777
444406933337777
444406943337777
444406953337777
444406963337777
444406973337777
444406983337777
444406993337777
444407003337777
444407013337777
444407023337777
444407033337777
444407043337777
444407053337777
444407063337777
444407073337777
444407083337777
444407093337777
444407103337777
444407113337777
444407123337777
444407133337777
444407143337777
444407153337777
444407163337777
444407173337777
444407183337777
444407193337777
444407203337777
444407213337777
444407223337777
444407233337777
444407243337777
444407253337777
444407263337777
444407273337777
444407283337777
444407293337777
444407303337777
444407313337777
444407323337777
444407333337777
444407343337777
444407353337777
444407363337777
444407373337777
444407383337777
444407393337777
444407403337777
444407413337777
444407423337777
444407433337777
444407443337777
444407453337777
444407463337777
444407473337777
444407483337777
444407493337777
444407503337777
444407513337777
444407523337777
444407533337777
444407543337777
444407553337777
444407563337777
444407573337777
444407583337777
444407593337777
444407603337777
444407613337777
444407623337777
444407633337777
444407643337777
444407653337777
444407663337777
444407673337777
444407683337777
444407693337777
444407703337777
444407713337777
444407723337777
444407733337777
444407743337777
444407753337777
444407763337777
444407773337777
444407783337777
444407793337777
444407803337777
444407813337777
444407823337777
444407833337777
444407843337777
444407853337777
444407863337777
444407873337777
444407883337777
444407893337777
444407903337777
444407913337777
444407923337777
444407933337777
444407943337777
444407953337777
444407963337777
444407973337777
444407983337777
444407993337777
444408003337777
444408013337777
444408023337777
444408033337777
444408043337777
444408053337777
444408063337777
444408073337777
444408083337777
444408093337777
444408103337777
444408113337777
444408123337777
444408133337777
444408143337777
444408153337777
444408163337777
444408173337777
444408183337777
444408193337777
444408203337777
444408213337777
444408223337777
444408233337777
444408243337777
444408253337777
444408263337777
444408273337777
444408283337777
444408293337777
444408303337777
444408313337777
444408323337777
444408333337777
444408343337777
444408353337777
444408363337777
444408373337777
444408383337777
444408393337777
444408403337777
444408413337777
444408423337777
444408433337777
444408443337777
444408453337777
444408463337777
444408473337777
444408483337777
444408493337777
444408503337777
444408513337777
444408523337777
444408533337777
444408543337777
444408553337777
444408563337777
444408573337777
444408583337777
444408593337777
444408603337777
444408613337777
444408623337777
444408633337777
444408643337777
444408653337777
444408663337777
444408673337777
444408683337777
444408693337777
444408703337777
444408713337777
444408723337777
444408733337777
444408743337777
444408753337777
444408763337777
444408773337777
444408783337777
444408793337777
444408803337777
444408813337777
444408823337777
444408833337777
444408843337777
444408853337777
444408863337777
444408873337777
444408883337777
444408893337777
444408903337777
444408913337777
444408923337777
444408933337777
444408943337777
444408953337777
444408963337777
444408973337777
444408983337777
444408993337777
444409003337777
444409013337777
444409023337777
444409033337777
444409043337777
444409053337777
444409063337777
444409073337777
444409083337777
444409093337777
444409103337777
444409113337777
444409123337777
444409133337777
444409143337777
444409153337777
444409163337777
444409173337777
444409183337777
444409193337777
444409203337777
444409213337777
444409223337777
444409233337777
444409243337777
444409253337777
444409263337777
444409273337777
444409283337777
444409293337777
444409303337777
444409313337777
444409323337777
444409333337777
444409343337777
444409353337777
444409363337777
444409373337777
444409383337777
444409393337777
444409403337777
444409413337777
444409423337777
444409433337777
444409443337777
444409453337777
444409463337777
444409473337777
444409483337777
444409493337777
444409503337777
444409513337777
444409523337777
444409533337777
444409543337777
444409553337777
444409563337777
444409573337777
444409583337777
444409593337777
444409603337777
444409613337777
444409623337777
444409633337777
444409643337777
444409653337777
444409663337777
444409673337777
444409683337777
444409693337777
444409703337777
444409713337777
444409723337777
444409733337777
444409743337777
444409753337777
444409763337777
444409773337777
444409783337777
444409793337777
444409803337777
444409813337777
444409823337777
444409833337777
444409843337777
444409853337777
444409863337777
444409873337777
444409883337777
444409893337777
444409903337777
444409913337777
444409923337777
444409933337777
444409943337777
444409953337777
444409963337777
444409973337777
444409983337777
444409993337777
444410003337777
555500011118888
555500021118888
555500031118888
555500041118888
555500051118888
555500061118888
555500071118888
555500081118888
555500091118888
555500101118888
555500111118888
555500121118888
555500131118888
555500141118888
555500151118888
555500161118888
555500171118888
555500181118888
555500191118888
555500201118888
555500211118888
555500221118888
555500231118888
555500241118888
555500251118888
555500261118888
555500271118888
555500281118888
555500291118888
555500301118888
555500311118888
555500321118888
555500331118888
555500341118888
555500351118888
555500361118888
555500371118888
555500381118888
555500391118888
555500401118888
555500411118888
555500421118888
555500431118888
555500441118888
555500451118888
555500461118888
555500471118888
555500481118888
555500491118888
555500501118888
555500511118888
555500521118888
555500531118888
555500541118888
555500551118888
555500561118888
555500571118888
555500581118888
555500591118888
555500601118888
555500611118888
555500621118888
555500631118888
555500641118888
555500651118888
555500661118888
555500671118888
555500681118888
555500691118888
555500701118888
555500711118888
555500721118888
555500731118888
555500741118888
555500751118888
555500761118888
555500771118888
555500781118888
555500791118888
555500801118888
555500811118888
555500821118888
555500831118888
555500841118888
555500851118888
555500861118888
555500871118888
555500881118888
555500891118888
555500901118888
555500911118888
555500921118888
555500931118888
555500941118888
555500951118888
555500961118888
555500971118888
555500981118888
555500991118888
555501001118888
555501011118888
555501021118888
555501031118888
555501041118888
555501051118888
555501061118888
555501071118888
555501081118888
555501091118888
555501101118888
555501111118888
555501121118888
555501131118888
555501141118888
555501151118888
555501161118888
555501171118888
555501181118888
555501191118888
555501201118888
555501211118888
555501221118888
555501231118888
555501241118888
555501251118888
555501261118888
555501271118888
555501281118888
555501291118888
555501301118888
555501311118888
555501321118888
555501331118888
555501341118888
555501351118888
555501361118888
555501371118888
555501381118888
555501391118888
555501401118888
555501411118888
555501421118888
555501431118888
555501441118888
555501451118888
555501461118888
555501471118888
555501481118888
555501491118888
555501501118888
555501511118888
555501521118888
555501531118888
555501541118888
555501551118888
555501561118888
555501571118888
555501581118888
555501591118888
555501601118888
555501611118888
555501621118888
555501631118888
555501641118888
555501651118888
555501661118888
555501671118888
555501681118888
555501691118888
555501701118888
555501711118888
555501721118888
555501731118888
555501741118888
555501751118888
555501761118888
555501771118888
555501781118888
555501791118888
555501801118888
555501811118888
555501821118888
555501831118888
555501841118888
555501851118888
555501861118888
555501871118888
555501881118888
555501891118888
555501901118888
555501911118888
555501921118888
555501931118888
555501941118888
555501951118888
555501961118888
555501971118888
555501981118888
555501991118888
555502001118888
555502011118888
555502021118888
555502031118888
555502041118888
555502051118888
555502061118888
555502071118888
555502081118888
555502091118888
555502101118888
555502111118888
555502121118888
555502131118888
555502141118888
555502151118888
555502161118888
555502171118888
555502181118888
555502191118888
555502201118888
555502211118888
555502221118888
555502231118888
555502241118888
555502251118888
555502261118888
555502271118888
555502281118888
555502291118888
555502301118888
555502311118888
555502321118888
555502331118888
555502341118888
555502351118888
555502361118888
555502371118888
555502381118888
555502391118888
555502401118888
555502411118888
555502421118888
555502431118888
555502441118888
555502451118888
555502461118888
555502471118888
555502481118888
555502491118888
555502501118888
555502511118888
555502521118888
555502531118888
555502541118888
555502551118888
555502561118888
555502571118888
555502581118888
555502591118888
555502601118888
555502611118888
555502621118888
555502631118888
555502641118888
555502651118888
555502661118888
555502671118888
555502681118888
555502691118888
555502701118888
555502711118888
555502721118888
555502731118888
555502741118888
555502751118888
555502761118888
555502771118888
555502781118888
555502791118888
555502801118888
555502811118888
555502821118888
555502831118888
555502841118888
555502851118888
555502861118888
555502871118888
555502881118888
555502891118888
555502901118888
555502911118888
555502921118888
555502931118888
555502941118888
555502951118888
555502961118888
555502971118888
555502981118888
555502991118888
555503001118888
555503011118888
555503021118888
555503031118888
555503041118888
555503051118888
555503061118888
555503071118888
555503081118888
555503091118888
555503101118888
555503111118888
555503121118888
555503131118888
555503141118888
555503151118888
555503161118888
555503171118888
555503181118888
555503191118888
555503201118888
555503211118888
555503221118888
555503231118888
555503241118888
555503251118888
555503261118888
555503271118888
555503281118888
555503291118888
555503301118888
555503311118888
555503321118888
555503331118888
555503341118888
555503351118888
555503361118888
555503371118888
555503381118888
555503391118888
555503401118888
555503411118888
555503421118888
555503431118888
555503441118888
555503451118888
555503461118888
555503471118888
555503481118888
555503491118888
555503501118888
555503511118888
555503521118888
555503531118888
555503541118888
555503551118888
555503561118888
555503571118888
555503581118888
555503591118888
555503601118888
555503611118888
555503621118888
555503631118888
555503641118888
555503651118888
555503661118888
555503671118888
555503681118888
555503691118888
555503701118888
555503711118888
555503721118888
555503731118888
555503741118888
555503751118888
555503761118888
555503771118888
555503781118888
555503791118888
555503801118888
555503811118888
555503821118888
555503831118888
555503841118888
555503851118888
555503861118888
555503871118888
555503881118888
555503891118888
555503901118888
555503911118888
555503921118888
555503931118888
555503941118888
555503951118888
555503961118888
555503971118888
555503981118888
555503991118888
555504001118888
555504011118888
555504021118888
555504031118888
555504041118888
555504051118888
555504061118888
555504071118888
555504081118888
555504091118888
555504101118888
555504111118888
555504121118888
555504131118888
555504141118888
555504151118888
555504161118888
555504171118888
555504181118888
555504191118888
555504201118888
555504211118888
555504221118888
555504231118888
555504241118888
555504251118888
555504261118888
555504271118888
555504281118888
555504291118888
555504301118888
555504311118888
555504321118888
555504331118888
555504341118888
555504351118888
555504361118888
555504371118888
555504381118888
555504391118888
555504401118888
555504411118888
555504421118888
555504431118888
555504441118888
555504451118888
555504461118888
555504471118888
555504481118888
555504491118888
555504501118888
555504511118888
555504521118888
555504531118888
555504541118888
555504551118888
555504561118888
555504571118888
555504581118888
555504591118888
555504601118888
555504611118888
555504621118888
555504631118888
555504641118888
555504651118888
555504661118888
555504671118888
555504681118888
555504691118888
555504701118888
555504711118888
555504721118888
555504731118888
555504741118888
555504751118888
555504761118888
555504771118888
555504781118888
555504791118888
555504801118888
555504811118888
555504821118888
555504831118888
555504841118888
555504851118888
555504861118888
555504871118888
555504881118888
555504891118888
555504901118888
555504911118888
555504921118888
555504931118888
555504941118888
555504951118888
555504961118888
555504971118888
555504981118888
555504991118888
555505001118888
555505011118888
555505021118888
555505031118888
555505041118888
555505051118888
555505061118888
555505071118888
555505081118888
555505091118888
555505101118888
555505111118888
555505121118888
555505131118888
555505141118888
555505151118888
555505161118888
555505171118888
555505181118888
555505191118888
555505201118888
555505211118888
555505221118888
555505231118888
555505241118888
555505251118888
555505261118888
555505271118888
555505281118888
555505291118888
555505301118888
555505311118888
555505321118888
555505331118888
555505341118888
555505351118888
555505361118888
555505371118888
555505381118888
555505391118888
555505401118888
555505411118888
555505421118888
555505431118888
555505441118888
555505451118888
555505461118888
555505471118888
555505481118888
555505491118888
555505501118888
555505511118888
555505521118888
555505531118888
555505541118888
555505551118888
555505561118888
555505571118888
555505581118888
555505591118888
555505601118888
555505611118888
555505621118888
555505631118888
555505641118888
555505651118888
555505661118888
555505671118888
555505681118888
555505691118888
555505701118888
555505711118888
555505721118888
555505731118888
555505741118888
555505751118888
555505761118888
555505771118888
555505781118888
555505791118888
555505801118888
555505811118888
555505821118888
555505831118888
555505841118888
555505851118888
555505861118888
555505871118888
555505881118888
555505891118888
555505901118888
555505911118888
555505921118888
555505931118888
555505941118888
555505951118888
555505961118888
555505971118888
555505981118888
555505991118888
555506001118888
555506011118888
555506021118888
555506031118888
555506041118888
555506051118888
555506061118888
555506071118888
555506081118888
555506091118888
555506101118888
555506111118888
555506121118888
555506131118888
555506141118888
555506151118888
555506161118888
555506171118888
555506181118888
555506191118888
555506201118888
555506211118888
555506221118888
555506231118888
555506241118888
555506251118888
555506261118888
555506271118888
555506281118888
555506291118888
555506301118888
555506311118888
555506321118888
555506331118888
555506341118888
555506351118888
555506361118888
555506371118888
555506381118888
555506391118888
555506401118888
555506411118888
555506421118888
555506431118888
555506441118888
555506451118888
555506461118888
555506471118888
555506481118888
555506491118888
555506501118888
555506511118888
555506521118888
555506531118888
555506541118888
555506551118888
555506561118888
555506571118888
555506581118888
555506591118888
555506601118888
555506611118888
555506621118888
555506631118888
555506641118888
555506651118888
555506661118888
555506671118888
555506681118888
555506691118888
555506701118888
555506711118888
555506721118888
555506731118888
555506741118888
555506751118888
555506761118888
555506771118888
555506781118888
555506791118888
555506801118888
555506811118888
555506821118888
555506831118888
555506841118888
555506851118888
555506861118888
555506871118888
555506881118888
555506891118888
555506901118888
555506911118888
555506921118888
555506931118888
555506941118888
555506951118888
555506961118888
555506971118888
555506981118888
555506991118888
555507001118888
555507011118888
555507021118888
555507031118888
555507041118888
555507051118888
555507061118888
555507071118888
555507081118888
555507091118888
555507101118888
555507111118888
555507121118888
555507131118888
555507141118888
555507151118888
555507161118888
555507171118888
555507181118888
555507191118888
555507201118888
555507211118888
555507221118888
555507231118888
555507241118888
555507251118888
555507261118888
555507271118888
555507281118888
555507291118888
555507301118888
555507311118888
555507321118888
555507331118888
555507341118888
555507351118888
555507361118888
555507371118888
555507381118888
555507391118888
555507401118888
555507411118888
555507421118888
555507431118888
555507441118888
555507451118888
555507461118888
555507471118888
555507481118888
555507491118888
555507501118888
555507511118888
555507521118888
555507531118888
555507541118888
555507551118888
555507561118888
555507571118888
555507581118888
555507591118888
555507601118888
555507611118888
555507621118888
555507631118888
555507641118888
555507651118888
555507661118888
555507671118888
555507681118888
555507691118888
555507701118888
555507711118888
555507721118888
555507731118888
555507741118888
555507751118888
555507761118888
555507771118888
555507781118888
555507791118888
555507801118888
555507811118888
555507821118888
555507831118888
555507841118888
555507851118888
555507861118888
555507871118888
555507881118888
555507891118888
555507901118888
555507911118888
555507921118888
555507931118888
555507941118888
555507951118888
555507961118888
555507971118888
555507981118888
555507991118888
555508001118888
555508011118888
555508021118888
555508031118888
555508041118888
555508051118888
555508061118888
555508071118888
555508081118888
555508091118888
555508101118888
555508111118888
555508121118888
555508131118888
555508141118888
555508151118888
555508161118888
555508171118888
555508181118888
555508191118888
555508201118888
555508211118888
555508221118888
555508231118888
555508241118888
555508251118888
555508261118888
555508271118888
555508281118888
555508291118888
555508301118888
555508311118888
555508321118888
555508331118888
555508341118888
555508351118888
555508361118888
555508371118888
555508381118888
555508391118888
555508401118888
555508411118888
555508421118888
555508431118888
555508441118888
555508451118888
555508461118888
555508471118888
555508481118888
555508491118888
555508501118888
555508511118888
555508521118888
555508531118888
555508541118888
555508551118888
555508561118888
555508571118888
555508581118888
555508591118888
555508601118888
555508611118888
555508621118888
555508631118888
555508641118888
555508651118888
555508661118888
555508671118888
555508681118888
555508691118888
555508701118888
555508711118888
555508721118888
555508731118888
555508741118888
555508751118888
555508761118888
555508771118888
555508781118888
555508791118888
555508801118888
555508811118888
555508821118888
555508831118888
555508841118888
555508851118888
555508861118888
555508871118888
555508881118888
555508891118888
555508901118888
555508911118888
555508921118888
555508931118888
555508941118888
555508951118888
555508961118888
555508971118888
555508981118888
555508991118888
555509001118888
555509011118888
555509021118888
555509031118888
555509041118888
555509051118888
555509061118888
555509071118888
555509081118888
555509091118888
555509101118888
555509111118888
555509121118888
555509131118888
555509141118888
555509151118888
555509161118888
555509171118888
555509181118888
555509191118888
555509201118888
555509211118888
555509221118888
555509231118888
555509241118888
555509251118888
555509261118888
555509271118888
555509281118888
555509291118888
555509301118888
555509311118888
555509321118888
555509331118888
555509341118888
555509351118888
555509361118888
555509371118888
555509381118888
555509391118888
555509401118888
555509411118888
555509421118888
555509431118888
555509441118888
555509451118888
555509461118888
555509471118888
555509481118888
555509491118888
555509501118888
555509511118888
555509521118888
555509531118888
555509541118888
555509551118888
555509561118888
555509571118888
555509581118888
555509591118888
555509601118888
555509611118888
555509621118888
555509631118888
555509641118888
555509651118888
555509661118888
555509671118888
555509681118888
555509691118888
555509701118888
555509711118888
555509721118888
555509731118888
555509741118888
555509751118888
555509761118888
555509771118888
555509781118888
555509791118888
555509801118888
555509811118888
555509821118888
555509831118888
555509841118888
555509851118888
555509861118888
555509871118888
555509881118888
555509891118888
555509901118888
555509911118888
555509921118888
555509931118888
555509941118888
555509951118888
555509961118888
555509971118888
555509981118888
555509991118888
555510001118888
99990001LLLooo
99990002LLLooo
99990003LLLooo
99990004LLLooo
99990005LLLooo
99990006LLLooo
99990007LLLooo
99990008LLLooo
99990009LLLooo
99990010LLLooo
99990011LLLooo
99990012LLLooo
99990013LLLooo
99990014LLLooo
99990015LLLooo
99990016LLLooo
99990017LLLooo
99990018LLLooo
99990019LLLooo
99990020LLLooo
99990021LLLooo
99990022LLLooo
99990023LLLooo
99990024LLLooo
99990025LLLooo
99990026LLLooo
99990027LLLooo
99990028LLLooo
99990029LLLooo
99990030LLLooo
99990031LLLooo
99990032LLLooo
99990033LLLooo
99990034LLLooo
99990035LLLooo
99990036LLLooo
99990037LLLooo
99990038LLLooo
99990039LLLooo
99990040LLLooo
99990041LLLooo
99990042LLLooo
99990043LLLooo
99990044LLLooo
99990045LLLooo
99990046LLLooo
99990047LLLooo
99990048LLLooo
99990049LLLooo
99990050LLLooo
99990051LLLooo
99990052LLLooo
99990053LLLooo
99990054LLLooo
99990055LLLooo
99990056LLLooo
99990057LLLooo
99990058LLLooo
99990059LLLooo
99990060LLLooo
99990061LLLooo
99990062LLLooo
99990063LLLooo
99990064LLLooo
99990065LLLooo
99990066LLLooo
99990067LLLooo
99990068LLLooo
99990069LLLooo
99990070LLLooo
99990071LLLooo
99990072LLLooo
99990073LLLooo
99990074LLLooo
99990075LLLooo
99990076LLLooo
99990077LLLooo
99990078LLLooo
99990079LLLooo
99990080LLLooo
99990081LLLooo
99990082LLLooo
99990083LLLooo
99990084LLLooo
99990085LLLooo
99990086LLLooo
99990087LLLooo
99990088LLLooo
99990089LLLooo
99990090LLLooo
99990091LLLooo
99990092LLLooo
99990093LLLooo
99990094LLLooo
99990095LLLooo
99990096LLLooo
99990097LLLooo
99990098LLLooo
99990099LLLooo
99990100LLLooo
99990101LLLooo
99990102LLLooo
99990103LLLooo
99990104LLLooo
99990105LLLooo
99990106LLLooo
99990107LLLooo
99990108LLLooo
99990109LLLooo
99990110LLLooo
99990111LLLooo
99990112LLLooo
99990113LLLooo
99990114LLLooo
99990115LLLooo
99990116LLLooo
99990117LLLooo
99990118LLLooo
99990119LLLooo
99990120LLLooo
99990121LLLooo
99990122LLLooo
99990123LLLooo
99990124LLLooo
99990125LLLooo
99990126LLLooo
99990127LLLooo
99990128LLLooo
99990129LLLooo
99990130LLLooo
99990131LLLooo
99990132LLLooo
99990133LLLooo
99990134LLLooo
99990135LLLooo
99990136LLLooo
99990137LLLooo
99990138LLLooo
99990139LLLooo
99990140LLLooo
99990141LLLooo
99990142LLLooo
99990143LLLooo
99990144LLLooo
99990145LLLooo
99990146LLLooo
99990147LLLooo
99990148LLLooo
99990149LLLooo
99990150LLLooo
99990151LLLooo
99990152LLLooo
99990153LLLooo
99990154LLLooo
99990155LLLooo
99990156LLLooo
99990157LLLooo
99990158LLLooo
99990159LLLooo
99990160LLLooo
99990161LLLooo
99990162LLLooo
99990163LLLooo
99990164LLLooo
99990165LLLooo
99990166LLLooo
99990167LLLooo
99990168LLLooo
99990169LLLooo
99990170LLLooo
99990171LLLooo
99990172LLLooo
99990173LLLooo
99990174LLLooo
99990175LLLooo
99990176LLLooo
99990177LLLooo
99990178LLLooo
99990179LLLooo
99990180LLLooo
99990181LLLooo
99990182LLLooo
99990183LLLooo
99990184LLLooo
99990185LLLooo
99990186LLLooo
99990187LLLooo
99990188LLLooo
99990189LLLooo
99990190LLLooo
99990191LLLooo
99990192LLLooo
99990193LLLooo
99990194LLLooo
99990195LLLooo
99990196LLLooo
99990197LLLooo
99990198LLLooo
99990199LLLooo
99990200LLLooo
99990201LLLooo
99990202LLLooo
99990203LLLooo
99990204LLLooo
99990205LLLooo
99990206LLLooo
99990207LLLooo
99990208LLLooo
99990209LLLooo
99990210LLLooo
99990211LLLooo
99990212LLLooo
99990213LLLooo
99990214LLLooo
99990215LLLooo
99990216LLLooo
99990217LLLooo
99990218LLLooo
99990219LLLooo
99990220LLLooo
99990221LLLooo
99990222LLLooo
99990223LLLooo
99990224LLLooo
99990225LLLooo
99990226LLLooo
99990227LLLooo
99990228LLLooo
99990229LLLooo
99990230LLLooo
99990231LLLooo
99990232LLLooo
99990233LLLooo
99990234LLLooo
99990235LLLooo
99990236LLLooo
99990237LLLooo
99990238LLLooo
99990239LLLooo
99990240LLLooo
99990241LLLooo
99990242LLLooo
99990243LLLooo
99990244LLLooo
99990245LLLooo
99990246LLLooo
99990247LLLooo
99990248LLLooo
99990249LLLooo
99990250LLLooo
99990251LLLooo
99990252LLLooo
99990253LLLooo
99990254LLLooo
99990255LLLooo
99990256LLLooo
99990257LLLooo
99990258LLLooo
99990259LLLooo
99990260LLLooo
99990261LLLooo
99990262LLLooo
99990263LLLooo
99990264LLLooo
99990265LLLooo
99990266LLLooo
99990267LLLooo
99990268LLLooo
99990269LLLooo
99990270LLLooo
99990271LLLooo
99990272LLLooo
99990273LLLooo
99990274LLLooo
99990275LLLooo
99990276LLLooo
99990277LLLooo
99990278LLLooo
99990279LLLooo
99990280LLLooo
99990281LLLooo
99990282LLLooo
99990283LLLooo
99990284LLLooo
99990285LLLooo
99990286LLLooo
99990287LLLooo
99990288LLLooo
99990289LLLooo
99990290LLLooo
99990291LLLooo
99990292LLLooo
99990293LLLooo
99990294LLLooo
99990295LLLooo
99990296LLLooo
99990297LLLooo
99990298LLLooo
99990299LLLooo
99990300LLLooo
99990301LLLooo
99990302LLLooo
99990303LLLooo
99990304LLLooo
99990305LLLooo
99990306LLLooo
99990307LLLooo
99990308LLLooo
99990309LLLooo
99990310LLLooo
99990311LLLooo
99990312LLLooo
99990313LLLooo
99990314LLLooo
99990315LLLooo
99990316LLLooo
99990317LLLooo
99990318LLLooo
99990319LLLooo
99990320LLLooo
99990321LLLooo
99990322LLLooo
99990323LLLooo
99990324LLLooo
99990325LLLooo
99990326LLLooo
99990327LLLooo
99990328LLLooo
99990329LLLooo
99990330LLLooo
99990331LLLooo
99990332LLLooo
99990333LLLooo
99990334LLLooo
99990335LLLooo
99990336LLLooo
99990337LLLooo
99990338LLLooo
99990339LLLooo
99990340LLLooo
99990341LLLooo
99990342LLLooo
99990343LLLooo
99990344LLLooo
99990345LLLooo
99990346LLLooo
99990347LLLooo
99990348LLLooo
99990349LLLooo
99990350LLLooo
99990351LLLooo
99990352LLLooo
99990353LLLooo
99990354LLLooo
99990355LLLooo
99990356LLLooo
99990357LLLooo
99990358LLLooo
99990359LLLooo
99990360LLLooo
99990361LLLooo
99990362LLLooo
99990363LLLooo
99990364LLLooo
99990365LLLooo
99990366LLLooo
99990367LLLooo
99990368LLLooo
99990369LLLooo
99990370LLLooo
99990371LLLooo
99990372LLLooo
99990373LLLooo
99990374LLLooo
99990375LLLooo
99990376LLLooo
99990377LLLooo
99990378LLLooo
99990379LLLooo
99990380LLLooo
99990381LLLooo
99990382LLLooo
99990383LLLooo
99990384LLLooo
99990385LLLooo
99990386LLLooo
99990387LLLooo
99990388LLLooo
99990389LLLooo
99990390LLLooo
99990391LLLooo
99990392LLLooo
99990393LLLooo
99990394LLLooo
99990395LLLooo
99990396LLLooo
99990397LLLooo
99990398LLLooo
99990399LLLooo
99990400LLLooo
99990401LLLooo
99990402LLLooo
99990403LLLooo
99990404LLLooo
99990405LLLooo
99990406LLLooo
99990407LLLooo
99990408LLLooo
99990409LLLooo
99990410LLLooo
99990411LLLooo
99990412LLLooo
99990413LLLooo
99990414LLLooo
99990415LLLooo
99990416LLLooo
99990417LLLooo
99990418LLLooo
99990419LLLooo
99990420LLLooo
99990421LLLooo
99990422LLLooo
99990423LLLooo
99990424LLLooo
99990425LLLooo
99990426LLLooo
99990427LLLooo
99990428LLLooo
99990429LLLooo
99990430LLLooo
99990431LLLooo
99990432LLLooo
99990433LLLooo
99990434LLLooo
99990435LLLooo
99990436LLLooo
99990437LLLooo
99990438LLLooo
99990439LLLooo
99990440LLLooo
99990441LLLooo
99990442LLLooo
99990443LLLooo
99990444LLLooo
99990445LLLooo
99990446LLLooo
99990447LLLooo
99990448LLLooo
99990449LLLooo
99990450LLLooo
99990451LLLooo
99990452LLLooo
99990453LLLooo
99990454LLLooo
99990455LLLooo
99990456LLLooo
99990457LLLooo
99990458LLLooo
99990459LLLooo
99990460LLLooo
99990461LLLooo
99990462LLLooo
99990463LLLooo
99990464LLLooo
99990465LLLooo
99990466LLLooo
99990467LLLooo
99990468LLLooo
99990469LLLooo
99990470LLLooo
99990471LLLooo
99990472LLLooo
99990473LLLooo
99990474LLLooo
99990475LLLooo
99990476LLLooo
99990477LLLooo
99990478LLLooo
99990479LLLooo
99990480LLLooo
99990481LLLooo
99990482LLLooo
99990483LLLooo
99990484LLLooo
99990485LLLooo
99990486LLLooo
99990487LLLooo
99990488LLLooo
99990489LLLooo
99990490LLLooo
99990491LLLooo
99990492LLLooo
99990493LLLooo
99990494LLLooo
99990495LLLooo
99990496LLLooo
99990497LLLooo
99990498LLLooo
99990499LLLooo
99990500LLLooo
99990501LLLooo
99990502LLLooo
99990503LLLooo
99990504LLLooo
99990505LLLooo
99990506LLLooo
99990507LLLooo
99990508LLLooo
99990509LLLooo
99990510LLLooo
99990511LLLooo
99990512LLLooo
99990513LLLooo
99990514LLLooo
99990515LLLooo
99990516LLLooo
99990517LLLooo
99990518LLLooo
99990519LLLooo
99990520LLLooo
99990521LLLooo
99990522LLLooo
99990523LLLooo
99990524LLLooo
99990525LLLooo
99990526LLLooo
99990527LLLooo
99990528LLLooo
99990529LLLooo
99990530LLLooo
99990531LLLooo
99990532LLLooo
99990533LLLooo
99990534LLLooo
99990535LLLooo
99990536LLLooo
99990537LLLooo
99990538LLLooo
99990539LLLooo
99990540LLLooo
99990541LLLooo
99990542LLLooo
99990543LLLooo
99990544LLLooo
99990545LLLooo
99990546LLLooo
99990547LLLooo
99990548LLLooo
99990549LLLooo
99990550LLLooo
99990551LLLooo
99990552LLLooo
99990553LLLooo
99990554LLLooo
99990555LLLooo
99990556LLLooo
99990557LLLooo
99990558LLLooo
99990559LLLooo
99990560LLLooo
99990561LLLooo
99990562LLLooo
99990563LLLooo
99990564LLLooo
99990565LLLooo
99990566LLLooo
99990567LLLooo
99990568LLLooo
99990569LLLooo
99990570LLLooo
99990571LLLooo
99990572LLLooo
99990573LLLooo
99990574LLLooo
99990575LLLooo
99990576LLLooo
99990577LLLooo
99990578LLLooo
99990579LLLooo
99990580LLLooo
99990581LLLooo
99990582LLLooo
99990583LLLooo
99990584LLLooo
99990585LLLooo
99990586LLLooo
99990587LLLooo
99990588LLLooo
99990589LLLooo
99990590LLLooo
99990591LLLooo
99990592LLLooo
99990593LLLooo
99990594LLLooo
99990595LLLooo
99990596LLLooo
99990597LLLooo
99990598LLLooo
99990599LLLooo
99990600LLLooo
99990601LLLooo
99990602LLLooo
99990603LLLooo
99990604LLLooo
99990605LLLooo
99990606LLLooo
99990607LLLooo
99990608LLLooo
99990609LLLooo
99990610LLLooo
99990611LLLooo
99990612LLLooo
99990613LLLooo
99990614LLLooo
99990615LLLooo
99990616LLLooo
99990617LLLooo
99990618LLLooo
99990619LLLooo
99990620LLLooo
99990621LLLooo
99990622LLLooo
99990623LLLooo
99990624LLLooo
99990625LLLooo
99990626LLLooo
99990627LLLooo
99990628LLLooo
99990629LLLooo
99990630LLLooo
99990631LLLooo
99990632LLLooo
99990633LLLooo
99990634LLLooo
99990635LLLooo
99990636LLLooo
99990637LLLooo
99990638LLLooo
99990639LLLooo
99990640LLLooo
99990641LLLooo
99990642LLLooo
99990643LLLooo
99990644LLLooo
99990645LLLooo
99990646LLLooo
99990647LLLooo
99990648LLLooo
99990649LLLooo
99990650LLLooo
99990651LLLooo
99990652LLLooo
99990653LLLooo
99990654LLLooo
99990655LLLooo
99990656LLLooo
99990657LLLooo
99990658LLLooo
99990659LLLooo
99990660LLLooo
99990661LLLooo
99990662LLLooo
99990663LLLooo
99990664LLLooo
99990665LLLooo
99990666LLLooo
99990667LLLooo
99990668LLLooo
99990669LLLooo
99990670LLLooo
99990671LLLooo
99990672LLLooo
99990673LLLooo
99990674LLLooo
99990675LLLooo
99990676LLLooo
99990677LLLooo
99990678LLLooo
99990679LLLooo
99990680LLLooo
99990681LLLooo
99990682LLLooo
99990683LLLooo
99990684LLLooo
99990685LLLooo
99990686LLLooo
99990687LLLooo
99990688LLLooo
99990689LLLooo
99990690LLLooo
99990691LLLooo
99990692LLLooo
99990693LLLooo
99990694LLLooo
99990695LLLooo
99990696LLLooo
99990697LLLooo
99990698LLLooo
99990699LLLooo
99990700LLLooo
99990701LLLooo
99990702LLLooo
99990703LLLooo
99990704LLLooo
99990705LLLooo
99990706LLLooo
99990707LLLooo
99990708LLLooo
99990709LLLooo
99990710LLLooo
99990711LLLooo
99990712LLLooo
99990713LLLooo
99990714LLLooo
99990715LLLooo
99990716LLLooo
99990717LLLooo
99990718LLLooo
99990719LLLooo
99990720LLLooo
99990721LLLooo
99990722LLLooo
99990723LLLooo
99990724LLLooo
99990725LLLooo
99990726LLLooo
99990727LLLooo
99990728LLLooo
99990729LLLooo
99990730LLLooo
99990731LLLooo
99990732LLLooo
99990733LLLooo
99990734LLLooo
99990735LLLooo
99990736LLLooo
99990737LLLooo
99990738LLLooo
99990739LLLooo
99990740LLLooo
99990741LLLooo
99990742LLLooo
99990743LLLooo
99990744LLLooo
99990745LLLooo
99990746LLLooo
99990747LLLooo
99990748LLLooo
99990749LLLooo
99990750LLLooo
99990751LLLooo
99990752LLLooo
99990753LLLooo
99990754LLLooo
99990755LLLooo
99990756LLLooo
99990757LLLooo
99990758LLLooo
99990759LLLooo
99990760LLLooo
99990761LLLooo
99990762LLLooo
99990763LLLooo
99990764LLLooo
99990765LLLooo
99990766LLLooo
99990767LLLooo
99990768LLLooo
99990769LLLooo
99990770LLLooo
99990771LLLooo
99990772LLLooo
99990773LLLooo
99990774LLLooo
99990775LLLooo
99990776LLLooo
99990777LLLooo
99990778LLLooo
99990779LLLooo
99990780LLLooo
99990781LLLooo
99990782LLLooo
99990783LLLooo
99990784LLLooo
99990785LLLooo
99990786LLLooo
99990787LLLooo
99990788LLLooo
99990789LLLooo
99990790LLLooo
99990791LLLooo
99990792LLLooo
99990793LLLooo
99990794LLLooo
99990795LLLooo
99990796LLLooo
99990797LLLooo
99990798LLLooo
99990799LLLooo
99990800LLLooo
99990801LLLooo
99990802LLLooo
99990803LLLooo
99990804LLLooo
99990805LLLooo
99990806LLLooo
99990807LLLooo
99990808LLLooo
99990809LLLooo
99990810LLLooo
99990811LLLooo
99990812LLLooo
99990813LLLooo
99990814LLLooo
99990815LLLooo
99990816LLLooo
99990817LLLooo
99990818LLLooo
99990819LLLooo
99990820LLLooo
99990821LLLooo
99990822LLLooo
99990823LLLooo
99990824LLLooo
99990825LLLooo
99990826LLLooo
99990827LLLooo
99990828LLLooo
99990829LLLooo
99990830LLLooo
99990831LLLooo
99990832LLLooo
99990833LLLooo
99990834LLLooo
99990835LLLooo
99990836LLLooo
99990837LLLooo
99990838LLLooo
99990839LLLooo
99990840LLLooo
99990841LLLooo
99990842LLLooo
99990843LLLooo
99990844LLLooo
99990845LLLooo
99990846LLLooo
99990847LLLooo
99990848LLLooo
99990849LLLooo
99990850LLLooo
99990851LLLooo
99990852LLLooo
99990853LLLooo
99990854LLLooo
99990855LLLooo
99990856LLLooo
99990857LLLooo
99990858LLLooo
99990859LLLooo
99990860LLLooo
99990861LLLooo
99990862LLLooo
99990863LLLooo
99990864LLLooo
99990865LLLooo
99990866LLLooo
99990867LLLooo
99990868LLLooo
99990869LLLooo
99990870LLLooo
99990871LLLooo
99990872LLLooo
99990873LLLooo
99990874LLLooo
99990875LLLooo
99990876LLLooo
99990877LLLooo
99990878LLLooo
99990879LLLooo
99990880LLLooo
99990881LLLooo
99990882LLLooo
99990883LLLooo
99990884LLLooo
99990885LLLooo
99990886LLLooo
99990887LLLooo
99990888LLLooo
99990889LLLooo
99990890LLLooo
99990891LLLooo
99990892LLLooo
99990893LLLooo
99990894LLLooo
99990895LLLooo
99990896LLLooo
99990897LLLooo
99990898LLLooo
99990899LLLooo
99990900LLLooo
99990901LLLooo
99990902LLLooo
99990903LLLooo
99990904LLLooo
99990905LLLooo
99990906LLLooo
99990907LLLooo
99990908LLLooo
99990909LLLooo
99990910LLLooo
99990911LLLooo
99990912LLLooo
99990913LLLooo
99990914LLLooo
99990915LLLooo
99990916LLLooo
99990917LLLooo
99990918LLLooo
99990919LLLooo
99990920LLLooo
99990921LLLooo
99990922LLLooo
99990923LLLooo
99990924LLLooo
99990925LLLooo
99990926LLLooo
99990927LLLooo
99990928LLLooo
99990929LLLooo
99990930LLLooo
99990931LLLooo
99990932LLLooo
99990933LLLooo
99990934LLLooo
99990935LLLooo
99990936LLLooo
99990937LLLooo
99990938LLLooo
99990939LLLooo
99990940LLLooo
99990941LLLooo
99990942LLLooo
99990943LLLooo
99990944LLLooo
99990945LLLooo
99990946LLLooo
99990947LLLooo
99990948LLLooo
99990949LLLooo
99990950LLLooo
99990951LLLooo
99990952LLLooo
99990953LLLooo
99990954LLLooo
99990955LLLooo
99990956LLLooo
99990957LLLooo
99990958LLLooo
99990959LLLooo
99990960LLLooo
99990961LLLooo
99990962LLLooo
99990963LLLooo
99990964LLLooo
99990965LLLooo
99990966LLLooo
99990967LLLooo
99990968LLLooo
99990969LLLooo
99990970LLLooo
99990971LLLooo
99990972LLLooo
99990973LLLooo
99990974LLLooo
99990975LLLooo
99990976LLLooo
99990977LLLooo
99990978LLLooo
99990979LLLooo
99990980LLLooo
99990981LLLooo
99990982LLLooo
99990983LLLooo
99990984LLLooo
99990985LLLooo
99990986LLLooo
99990987LLLooo
99990988LLLooo
99990989LLLooo
99990990LLLooo
99990991LLLooo
99990992LLLooo
99990993LLLooo
99990994LLLooo
99990995LLLooo
99990996LLLooo
99990997LLLooo
99990998LLLooo
99990999LLLooo
99991000LLLooo
